%------------------------------------------------------------------------														
%     FSE_Define_MotorCharacteristic.xls														
%------------------------------------------------------------------------														
%     Copyright (c) 2011 by IPG Automotive GmbH														
%     Bannwaldallee 60, D-76185 Karlsruhe, Tel.: +49.721.98520-0														
%------------------------------------------------------------------------														
%     2011-01-18 (chs)														
%     output: torque-speed-characteristic in Nm 														
%------------------------------------------------------------------------														
														
% rotational speed in rpm														
99999	0	2000	4000	6000	8000	10000	12000	14000	15000	16000	17000	18000	20000	22000
														
% gas-pedal | motor-torque in Nm														
0	0	0	0	0	0	0	0	0	0	0	0	0	0	0
0.2	4	4	4	4	4	4	4	4	4	4	4	4	3	-8
0.4	8	8	8	8	8	8	8	8	8	8	8	8	6	-6
0.6	13	13	13	13	13	13	13	13	13	12	12	11	9	-4
0.8	17	17	17	17	17	17	17	17	17	16	16	15	12	-2
1	21	21	21	21	21	21	21	21	21	20	20	19	15	0
